ARMA_MAT_TXT_FN008
13 13
  -2.03190769980273e+01  -5.70106464101197e+00  -1.09927407968099e-07  -3.57390790113875e-02  -5.41546941640767e-28  -4.46660932626007e+00  -2.93715817441015e-08  -7.73571464742797e-03  -7.66219664425280e-29  -4.96657647662122e-01  -1.44844170798749e+00  -4.96649314945491e-01  -1.44843588767544e+00
  -5.70106464101197e+00  -1.62382975524607e+00   3.85986048137962e-07  -4.64669621742016e-02  -3.54888442111923e-27  -2.42667807135036e+00   2.84985323300069e-07  -3.29753280397379e-02  -2.15766351396147e-27  -6.49082617283830e-01  -1.12232529994104e+00  -6.49076492601035e-01  -1.12232147513178e+00
  -1.09927407968099e-07   3.85986048137962e-07   3.47222680606739e-01   4.65120490345820e-07   0.00000000000000e+00   2.52461853313482e-07  -7.58521546186349e-01   4.50138009073417e-07   0.00000000000000e+00   4.56063052306453e-01   2.67710938286307e-01  -4.56063773413122e-01  -2.67712664152444e-01
  -3.57390790113875e-02  -4.64669621742016e-02   4.65120490345820e-07   2.84084071225430e-01   0.00000000000000e+00  -7.68109615582954e-02   4.53373067440875e-07  -7.79451546962247e-01   0.00000000000000e+00  -3.61904371978069e-01  -2.51757058416217e-01  -3.61898670698766e-01  -2.51754612249710e-01
  -5.41546941640767e-28  -3.54888442111923e-27   0.00000000000000e+00   0.00000000000000e+00   1.98354439899624e-01  -3.40415127530341e-27   0.00000000000000e+00   0.00000000000000e+00  -7.98082473262204e-01   7.80719049600694e-18   6.41007749266785e-18  -1.03999527668766e-18  -8.53914756993250e-19
  -4.46660932626007e+00  -2.42667807135036e+00   2.52461853313482e-07  -7.68109615582954e-02  -3.40415127530341e-27  -2.12131789541813e+00  -1.70467859277260e-07  -1.84708281401505e-01  -6.82513774415540e-27  -6.47436814896875e-01  -1.04251893155295e+00  -6.47431840401665e-01  -1.04251581639233e+00
  -2.93715817441015e-08   2.84985323300069e-07  -7.58521546186349e-01   4.53373067440875e-07   0.00000000000000e+00  -1.70467859277260e-07  -2.19325771276035e-01   7.46203982819894e-07   0.00000000000000e+00   3.45519413300414e-01   1.80506437609157e-01  -3.45521100114638e-01  -1.80508663425020e-01
  -7.73571464742797e-03  -3.29753280397379e-02   4.50138009073417e-07  -7.79451546962247e-01   0.00000000000000e+00  -1.84708281401505e-01   7.46203982819894e-07  -1.37824948995498e-01   0.00000000000000e+00  -2.77010207680210e-01  -2.45158446192681e-01  -2.77006740783986e-01  -2.45156916286430e-01
  -7.66219664425280e-29  -2.15766351396147e-27   0.00000000000000e+00   0.00000000000000e+00  -7.98082473262204e-01  -6.82513774415540e-27   0.00000000000000e+00   0.00000000000000e+00  -1.46944242707570e-02   3.91221354855284e-17   1.94740032396940e-17  -5.21161143907552e-18  -2.59422202517619e-18
  -4.96657647662122e-01  -6.49082617283830e-01   4.56063052306453e-01  -3.61904371978069e-01   7.80719049600694e-18  -6.47436814896875e-01   3.45519413300414e-01  -2.77010207680210e-01   3.91221354855284e-17  -6.49956375884052e-02  -6.06199869595372e-01  -1.02348897615960e-01  -3.02534144160625e-01
  -1.44844170798749e+00  -1.12232529994104e+00   2.67710938286307e-01  -2.51757058416217e-01   6.41007749266785e-18  -1.04251893155295e+00   1.80506437609157e-01  -2.45158446192681e-01   1.94740032396940e-17  -6.06199869595372e-01  -5.83983091008236e-01  -3.02533134854861e-01  -5.05104031423318e-01
  -4.96649314945491e-01  -6.49076492601035e-01  -4.56063773413122e-01  -3.61898670698766e-01  -1.03999527668766e-18  -6.47431840401665e-01  -3.45521100114638e-01  -2.77006740783986e-01  -5.21161143907552e-18  -1.02348897615960e-01  -3.02533134854861e-01  -6.49912955439653e-02  -6.06196961445649e-01
  -1.44843588767544e+00  -1.12232147513178e+00  -2.67712664152444e-01  -2.51754612249710e-01  -8.53914756993250e-19  -1.04251581639233e+00  -1.80508663425020e-01  -2.45156916286430e-01  -2.59422202517619e-18  -3.02534144160625e-01  -5.05104031423318e-01  -6.06196961445649e-01  -5.83980967796895e-01
